Linux 4.9.51-10.52.amzn1.x86_64 (ip-172-31-1-223) 	2017-11-15 	_x86_64_	(2 CPU)

12:00:01 AM     CPU      %usr     %nice      %sys   %iowait    %steal      %irq     %soft    %guest     %idle
01:00:01 AM     all      0.11      0.00      0.01      0.00      0.00      0.00      0.00      0.00     99.87
01:00:01 AM       0      0.06      0.00      0.01      0.00      0.00      0.00      0.00      0.00     99.93
01:00:01 AM       1      0.17      0.00      0.01      0.00      0.00      0.00      0.00      0.00     99.82
02:00:01 AM     all      0.11      0.00      0.01      0.00      0.00      0.00      0.00      0.00     99.87
02:00:01 AM       0      0.03      0.00      0.01      0.00      0.00      0.00      0.00      0.00     99.95
02:00:01 AM       1      0.19      0.00      0.01      0.00      0.00      0.00      0.00      0.00     99.80
03:00:01 AM     all      0.16      0.00      0.01      0.00      0.00      0.00      0.00      0.00     99.83
03:00:01 AM       0      0.12      0.00      0.01      0.00      0.00      0.00      0.00      0.00     99.86
03:00:01 AM       1      0.19      0.00      0.01      0.00      0.00      0.00      0.00      0.00     99.79
04:00:01 AM     all      0.11      0.00      0.01      0.35      0.00      0.00      0.00      0.00     99.52
04:00:01 AM       0      0.04      0.00      0.01      0.43      0.00      0.00      0.00      0.00     99.52
04:00:01 AM       1      0.19      0.00      0.02      0.26      0.00      0.00      0.00      0.00     99.53
05:00:01 AM     all      0.11      0.00      0.01      0.00      0.00      0.00      0.00      0.00     99.88
05:00:01 AM       0      0.10      0.00      0.01      0.00      0.00      0.00      0.00      0.00     99.88
05:00:01 AM       1      0.11      0.00      0.01      0.00      0.00      0.00      0.00      0.00     99.87
06:00:01 AM     all      0.10      0.00      0.01      0.00      0.00      0.00      0.00      0.00     99.88
06:00:01 AM       0      0.04      0.00      0.01      0.00      0.00      0.00      0.00      0.00     99.94
06:00:01 AM       1      0.17      0.00      0.01      0.00      0.00      0.00      0.00      0.00     99.82
07:00:01 AM     all      0.10      0.00      0.01      0.00      0.00      0.00      0.00      0.00     99.88
07:00:01 AM       0      0.08      0.00      0.01      0.00      0.00      0.00      0.00      0.00     99.90
07:00:01 AM       1      0.13      0.00      0.01      0.00      0.00      0.00      0.00      0.00     99.86
08:00:01 AM     all      0.11      0.00      0.01      0.00      0.00      0.00      0.00      0.00     99.87
08:00:01 AM       0      0.10      0.00      0.01      0.00      0.00      0.00      0.00      0.00     99.89
08:00:01 AM       1      0.13      0.00      0.01      0.00      0.00      0.00      0.00      0.00     99.85
09:00:01 AM     all      0.11      0.00      0.01      0.00      0.00      0.00      0.00      0.00     99.88
09:00:01 AM       0      0.07      0.00      0.01      0.00      0.00      0.00      0.00      0.00     99.92
09:00:01 AM       1      0.15      0.00      0.01      0.00      0.00      0.00      0.00      0.00     99.84
10:00:01 AM     all      0.11      0.00      0.01      0.00      0.00      0.00      0.00      0.00     99.88
10:00:01 AM       0      0.05      0.00      0.01      0.00      0.00      0.00      0.00      0.00     99.93
10:00:01 AM       1      0.16      0.00      0.01      0.00      0.00      0.00      0.00      0.00     99.82
11:00:01 AM     all      0.11      0.00      0.01      0.00      0.00      0.00      0.00      0.00     99.88
11:00:01 AM       0      0.03      0.00      0.01      0.00      0.00      0.00      0.00      0.00     99.96
11:00:01 AM       1      0.19      0.00      0.01      0.00      0.00      0.00      0.00      0.00     99.80
12:00:01 PM     all      0.11      0.00      0.01      0.00      0.00      0.00      0.00      0.00     99.87
12:00:01 PM       0      0.05      0.00      0.02      0.00      0.00      0.00      0.00      0.00     99.93
12:00:01 PM       1      0.17      0.00      0.01      0.00      0.00      0.00      0.00      0.00     99.81
01:00:01 PM     all      0.22      0.00      0.04      0.00      0.00      0.00      0.00      0.00     99.74
01:00:01 PM       0      0.28      0.00      0.06      0.00      0.00      0.00      0.00      0.00     99.66
01:00:01 PM       1      0.16      0.00      0.03      0.00      0.00      0.00      0.00      0.00     99.81
02:00:01 PM     all      0.11      0.00      0.01      0.00      0.00      0.00      0.00      0.00     99.88
02:00:01 PM       0      0.03      0.00      0.01      0.00      0.00      0.00      0.00      0.00     99.95
02:00:01 PM       1      0.19      0.00      0.01      0.00      0.00      0.00      0.00      0.00     99.80
03:00:01 PM     all      0.11      0.00      0.01      0.00      0.00      0.00      0.00      0.00     99.88
03:00:01 PM       0      0.03      0.00      0.01      0.00      0.00      0.00      0.00      0.00     99.96
03:00:01 PM       1      0.19      0.00      0.01      0.00      0.00      0.00      0.00      0.00     99.80
04:00:01 PM     all      0.11      0.00      0.01      0.00      0.00      0.00      0.00      0.00     99.88
04:00:01 PM       0      0.06      0.00      0.01      0.00      0.00      0.00      0.00      0.00     99.93
04:00:01 PM       1      0.16      0.00      0.01      0.00      0.00      0.00      0.00      0.00     99.83
05:00:01 PM     all      0.11      0.00      0.01      0.00      0.00      0.00      0.00      0.00     99.88
05:00:01 PM       0      0.04      0.00      0.01      0.00      0.00      0.00      0.00      0.00     99.95
05:00:01 PM       1      0.18      0.00      0.01      0.00      0.00      0.00      0.00      0.00     99.80
06:00:01 PM     all      0.11      0.00      0.01      0.00      0.00      0.00      0.00      0.00     99.88
06:00:01 PM       0      0.02      0.00      0.01      0.00      0.00      0.00      0.00      0.00     99.96
06:00:01 PM       1      0.19      0.00      0.01      0.00      0.00      0.00      0.00      0.00     99.80
07:00:01 PM     all      0.11      0.00      0.01      0.00      0.00      0.00      0.00      0.00     99.88
07:00:01 PM       0      0.03      0.00      0.01      0.00      0.00      0.00      0.00      0.00     99.96
07:00:01 PM       1      0.19      0.00      0.01      0.00      0.00      0.00      0.00      0.00     99.80
08:00:01 PM     all      0.11      0.00      0.01      0.00      0.00      0.00      0.00      0.00     99.88
08:00:01 PM       0      0.06      0.00      0.01      0.00      0.00      0.00      0.00      0.00     99.93
08:00:01 PM       1      0.16      0.00      0.01      0.00      0.00      0.00      0.00      0.00     99.82
09:00:01 PM     all      0.11      0.00      0.01      0.00      0.00      0.00      0.00      0.00     99.88
09:00:01 PM       0      0.06      0.00      0.01      0.00      0.00      0.00      0.00      0.00     99.93
09:00:01 PM       1      0.15      0.00      0.01      0.00      0.00      0.00      0.00      0.00     99.83
10:00:01 PM     all      0.11      0.00      0.01      0.00      0.00      0.00      0.00      0.00     99.88
10:00:01 PM       0      0.04      0.00      0.01      0.00      0.00      0.00      0.00      0.00     99.95
10:00:01 PM       1      0.18      0.00      0.01      0.00      0.00      0.00      0.00      0.00     99.80
11:00:01 PM     all      0.11      0.00      0.01      0.00      0.00      0.00      0.00      0.00     99.88
11:00:01 PM       0      0.02      0.00      0.01      0.00      0.00      0.00      0.00      0.00     99.97
11:00:01 PM       1      0.20      0.00      0.01      0.00      0.00      0.00      0.00      0.00     99.79
Average:        all      0.12      0.00      0.01      0.02      0.00      0.00      0.00      0.00     99.85
Average:          0      0.06      0.00      0.01      0.02      0.00      0.00      0.00      0.00     99.90
Average:          1      0.17      0.00      0.01      0.01      0.00      0.00      0.00      0.00     99.80

12:00:01 AM    proc/s   cswch/s
01:00:01 AM      0.07     39.39
02:00:01 AM      0.07     39.09
03:00:01 AM      0.07     40.42
04:00:01 AM      0.09     39.68
05:00:01 AM      0.07     39.69
06:00:01 AM      0.07     38.74
07:00:01 AM      0.06     38.93
08:00:01 AM      0.07     39.38
09:00:01 AM      0.06     39.65
10:00:01 AM      0.06     39.49
11:00:01 AM      0.07     39.22
12:00:01 PM      0.07     39.50
01:00:01 PM      0.19     41.26
02:00:01 PM      0.07     39.72
03:00:01 PM      0.06     39.40
04:00:01 PM      0.07     39.35
05:00:01 PM      0.06     39.24
06:00:01 PM      0.06     39.14
07:00:01 PM      0.06     39.21
08:00:01 PM      0.07     39.47
09:00:01 PM      0.06     39.80
10:00:01 PM      0.06     39.30
11:00:01 PM      0.06     39.19
Average:         0.07     39.49

12:00:01 AM  pswpin/s pswpout/s
01:00:01 AM      0.00      0.00
02:00:01 AM      0.00      0.00
03:00:01 AM      0.00      0.00
04:00:01 AM      0.00      0.00
05:00:01 AM      0.00      0.00
06:00:01 AM      0.00      0.00
07:00:01 AM      0.00      0.00
08:00:01 AM      0.00      0.00
09:00:01 AM      0.00      0.00
10:00:01 AM      0.00      0.00
11:00:01 AM      0.00      0.00
12:00:01 PM      0.00      0.00
01:00:01 PM      0.00      0.00
02:00:01 PM      0.00      0.00
03:00:01 PM      0.00      0.00
04:00:01 PM      0.00      0.00
05:00:01 PM      0.00      0.00
06:00:01 PM      0.00      0.00
07:00:01 PM      0.00      0.00
08:00:01 PM      0.00      0.00
09:00:01 PM      0.00      0.00
10:00:01 PM      0.00      0.00
11:00:01 PM      0.00      0.00
Average:         0.00      0.00

12:00:01 AM  pgpgin/s pgpgout/s   fault/s  majflt/s  pgfree/s pgscank/s pgscand/s pgsteal/s    %vmeff
01:00:01 AM      0.00      1.36     46.86      0.00     21.43      0.00      0.00      0.00      0.00
02:00:01 AM      0.00      1.39     45.31      0.00     20.37      0.00      0.00      0.00      0.00
03:00:01 AM      0.00     14.40     61.98      0.00     40.17      0.00      0.00      0.00      0.00
04:00:01 AM      0.00      3.10     50.03      0.00     23.38      0.00      0.00      0.00      0.00
05:00:01 AM      0.00      1.42     46.68      0.00     21.29      0.00      0.00      0.00      0.00
06:00:01 AM      0.00      1.46     45.64      0.00     20.80      0.00      0.00      0.00      0.00
07:00:01 AM      0.00      1.43     45.22      0.00     20.32      0.00      0.00      0.00      0.00
08:00:01 AM      0.00      1.40     48.10      0.00     21.27      0.00      0.00      0.00      0.00
09:00:01 AM      0.00      1.40     45.18      0.00     20.33      0.00      0.00      0.00      0.00
10:00:01 AM      0.00      1.44     45.19      0.00     20.35      0.00      0.00      0.00      0.00
11:00:01 AM      0.00      1.39     46.69      0.00     21.30      0.00      0.00      0.00      0.00
12:00:01 PM      0.00      1.75     49.74      0.00     21.36      0.00      0.00      0.00      0.00
01:00:01 PM      0.00      1.53    170.39      0.00    113.27      0.00      0.00      0.00      0.00
02:00:01 PM      0.00      1.49     46.97      0.00     21.33      0.00      0.00      0.00      0.00
03:00:01 PM      0.00      1.42     45.25      0.00     20.30      0.00      0.00      0.00      0.00
04:00:01 PM      0.00      1.37     46.74      0.00     21.36      0.00      0.00      0.00      0.00
05:00:01 PM      0.00      1.40     46.73      0.00     20.33      0.00      0.00      0.00      0.00
06:00:01 PM      0.00      1.53     45.17      0.00     20.33      0.00      0.00      0.00      0.00
07:00:01 PM      0.00      1.37     45.32      0.00     20.35      0.00      0.00      0.00      0.00
08:00:01 PM      0.00      1.40     46.78      0.00     21.40      0.00      0.00      0.00      0.00
09:00:01 PM      0.00      1.44     46.69      0.00     20.41      0.00      0.00      0.00      0.00
10:00:01 PM      0.00      1.38     45.26      0.00     20.33      0.00      0.00      0.00      0.00
11:00:01 PM      0.00      1.42     45.23      0.00     20.36      0.00      0.00      0.00      0.00
Average:         0.00      2.07     52.49      0.00     25.75      0.00      0.00      0.00      0.00

12:00:01 AM       tps      rtps      wtps   bread/s   bwrtn/s
01:00:01 AM      0.17      0.00      0.17      0.00      2.72
02:00:01 AM      0.17      0.00      0.17      0.00      2.78
03:00:01 AM      0.31      0.00      0.31      0.00     28.80
04:00:01 AM      0.26      0.00      0.26      0.00      6.21
05:00:01 AM      0.19      0.00      0.19      0.00      2.84
06:00:01 AM      0.18      0.00      0.18      0.00      2.92
07:00:01 AM      0.18      0.00      0.18      0.00      2.87
08:00:01 AM      0.18      0.00      0.18      0.00      2.81
09:00:01 AM      0.18      0.00      0.18      0.00      2.80
10:00:01 AM      0.19      0.00      0.19      0.00      2.88
11:00:01 AM      0.18      0.00      0.18      0.00      2.79
12:00:01 PM      0.21      0.00      0.21      0.00      3.49
01:00:01 PM      0.19      0.00      0.19      0.00      3.05
02:00:01 PM      0.20      0.00      0.20      0.00      2.98
03:00:01 PM      0.18      0.00      0.18      0.00      2.83
04:00:01 PM      0.18      0.00      0.18      0.00      2.75
05:00:01 PM      0.18      0.00      0.18      0.00      2.81
06:00:01 PM      0.21      0.00      0.21      0.00      3.05
07:00:01 PM      0.18      0.00      0.18      0.00      2.74
08:00:01 PM      0.18      0.00      0.18      0.00      2.80
09:00:01 PM      0.19      0.00      0.19      0.00      2.88
10:00:01 PM      0.18      0.00      0.18      0.00      2.76
11:00:01 PM      0.19      0.00      0.19      0.00      2.85
Average:         0.19      0.00      0.19      0.00      4.15

12:00:01 AM   frmpg/s   bufpg/s   campg/s
01:00:01 AM     -0.01      0.00      0.01
02:00:01 AM     -0.01      0.00      0.01
03:00:01 AM     -0.28      0.00      0.01
04:00:01 AM      0.10      0.00     -0.09
05:00:01 AM     -0.04      0.00      0.01
06:00:01 AM      0.03      0.00      0.01
07:00:01 AM      0.00      0.00      0.01
08:00:01 AM     -0.02      0.00      0.01
09:00:01 AM      0.00      0.00      0.01
10:00:01 AM     -0.02      0.00      0.01
11:00:01 AM     -0.02      0.00      0.01
12:00:01 PM     -0.28      0.00      0.01
01:00:01 PM     -0.05      0.00      0.01
02:00:01 PM     -0.01      0.00      0.01
03:00:01 PM     -0.03      0.00      0.01
04:00:01 PM      0.01      0.00      0.01
05:00:01 PM     -0.02      0.00      0.01
06:00:01 PM     -0.02      0.00      0.01
07:00:01 PM      0.00      0.00      0.01
08:00:01 PM     -0.02      0.00      0.01
09:00:01 PM     -0.02      0.00      0.01
10:00:01 PM     -0.03      0.00      0.01
11:00:01 PM      0.00      0.00      0.01
Average:        -0.03      0.00      0.01

12:00:01 AM kbmemfree kbmemused  %memused kbbuffers  kbcached  kbcommit   %commit
01:00:01 AM   7060064   1116672     13.66    207548    323580    290664      3.55
02:00:01 AM   7059940   1116796     13.66    207568    323720    281564      3.44
03:00:01 AM   7055924   1120812     13.71    207576    323864    281564      3.44
04:00:01 AM   7057364   1119372     13.69    207588    322576    296488      3.63
05:00:01 AM   7056840   1119896     13.70    207616    322712    304336      3.72
06:00:01 AM   7057212   1119524     13.69    207632    322832    288292      3.53
07:00:01 AM   7057212   1119524     13.69    207644    322968    290820      3.56
08:00:01 AM   7056916   1119820     13.70    207664    323096    288368      3.53
09:00:01 AM   7056916   1119820     13.70    207676    323236    288292      3.53
10:00:01 AM   7056668   1120068     13.70    207684    323372    288644      3.53
11:00:01 AM   7056344   1120392     13.70    207712    323504    288292      3.53
12:00:01 PM   7052328   1124408     13.75    207728    323640    296488      3.63
01:00:01 PM   7051584   1125152     13.76    207768    323840    298700      3.65
02:00:01 PM   7051492   1125244     13.76    207780    323976    293036      3.58
03:00:01 PM   7051104   1125632     13.77    207800    324108    298708      3.65
04:00:01 PM   7051196   1125540     13.77    207824    324228    288548      3.53
05:00:01 PM   7050964   1125772     13.77    207864    324364    298700      3.65
06:00:01 PM   7050732   1126004     13.77    207880    324492    298708      3.65
07:00:01 PM   7050732   1126004     13.77    207892    324620    288896      3.53
08:00:01 PM   7050452   1126284     13.77    207908    324764    296744      3.63
09:00:01 PM   7050220   1126516     13.78    207928    324896    294444      3.60
10:00:01 PM   7049848   1126888     13.78    207956    325028    298352      3.65
11:00:01 PM   7049848   1126888     13.78    207984    325164    288548      3.53
Average:      7053996   1122740     13.73    207749    323851    292487      3.58

12:00:01 AM kbswpfree kbswpused  %swpused  kbswpcad   %swpcad
01:00:01 AM         0         0      0.00         0      0.00
02:00:01 AM         0         0      0.00         0      0.00
03:00:01 AM         0         0      0.00         0      0.00
04:00:01 AM         0         0      0.00         0      0.00
05:00:01 AM         0         0      0.00         0      0.00
06:00:01 AM         0         0      0.00         0      0.00
07:00:01 AM         0         0      0.00         0      0.00
08:00:01 AM         0         0      0.00         0      0.00
09:00:01 AM         0         0      0.00         0      0.00
10:00:01 AM         0         0      0.00         0      0.00
11:00:01 AM         0         0      0.00         0      0.00
12:00:01 PM         0         0      0.00         0      0.00
01:00:01 PM         0         0      0.00         0      0.00
02:00:01 PM         0         0      0.00         0      0.00
03:00:01 PM         0         0      0.00         0      0.00
04:00:01 PM         0         0      0.00         0      0.00
05:00:01 PM         0         0      0.00         0      0.00
06:00:01 PM         0         0      0.00         0      0.00
07:00:01 PM         0         0      0.00         0      0.00
08:00:01 PM         0         0      0.00         0      0.00
09:00:01 PM         0         0      0.00         0      0.00
10:00:01 PM         0         0      0.00         0      0.00
11:00:01 PM         0         0      0.00         0      0.00
Average:            0         0      0.00         0      0.00

12:00:01 AM dentunusd   file-nr  inode-nr    pty-nr
01:00:01 AM   1373384       544    104254         0
02:00:01 AM   1373385       576    104255         0
03:00:01 AM   1393412       544    104255         0
04:00:01 AM   1393440       544    104255         0
05:00:01 AM   1393443       576    104264         0
06:00:01 AM   1393448       576    104255         0
07:00:01 AM   1393448       576    104255         0
08:00:01 AM   1393448       544    104255         0
09:00:01 AM   1393448       576    104255         0
10:00:01 AM   1393448       544    104255         0
11:00:01 AM   1393448       544    104255         0
12:00:01 PM   1413467       576    104256         0
01:00:01 PM   1413478       544    104266         0
02:00:01 PM   1413478       544    104266         0
03:00:01 PM   1413478       544    104266         0
04:00:01 PM   1413478       544    104266         0
05:00:01 PM   1413478       576    104266         0
06:00:01 PM   1413478       576    104266         0
07:00:01 PM   1413478       544    104266         0
08:00:01 PM   1413478       576    104266         0
09:00:01 PM   1413478       576    104266         0
10:00:01 PM   1413478       576    104266         0
11:00:01 PM   1413478       544    104266         0
Average:      1402151       559    104261         0

12:00:01 AM   runq-sz  plist-sz   ldavg-1   ldavg-5  ldavg-15
01:00:01 AM         0        97      0.00      0.00      0.00
02:00:01 AM         0        97      0.00      0.00      0.00
03:00:01 AM         0        97      0.04      0.01      0.00
04:00:01 AM         0        98      0.00      0.00      0.00
05:00:01 AM         2       100      0.00      0.00      0.00
06:00:01 AM         0        98      0.00      0.00      0.00
07:00:01 AM         0        98      0.00      0.00      0.00
08:00:01 AM         0        98      0.00      0.00      0.00
09:00:01 AM         0        98      0.00      0.00      0.00
10:00:01 AM         0        98      0.00      0.00      0.00
11:00:01 AM         0        98      0.00      0.00      0.00
12:00:01 PM         0        98      0.00      0.00      0.00
01:00:01 PM         0        98      0.00      0.00      0.00
02:00:01 PM         0        98      0.00      0.00      0.00
03:00:01 PM         0        98      0.00      0.00      0.00
04:00:01 PM         0        98      0.00      0.00      0.00
05:00:01 PM         0        98      0.00      0.00      0.00
06:00:01 PM         0        98      0.00      0.00      0.00
07:00:01 PM         0        98      0.00      0.00      0.00
08:00:01 PM         0        98      0.00      0.00      0.00
09:00:01 PM         0        98      0.00      0.00      0.00
10:00:01 PM         0        98      0.00      0.00      0.00
11:00:01 PM         0        98      0.00      0.00      0.00
Average:            0        98      0.00      0.00      0.00

12:00:01 AM       TTY   rcvin/s   xmtin/s framerr/s prtyerr/s     brk/s   ovrun/s
01:00:01 AM         0      0.00      0.00      0.00      0.00      0.00      0.00
02:00:01 AM         0      0.00      0.00      0.00      0.00      0.00      0.00
03:00:01 AM         0      0.00      0.00      0.00      0.00      0.00      0.00
04:00:01 AM         0      0.00      0.04      0.00      0.00      0.00      0.00
05:00:01 AM         0      0.00      0.00      0.00      0.00      0.00      0.00
06:00:01 AM         0      0.00      0.00      0.00      0.00      0.00      0.00
07:00:01 AM         0      0.00      0.00      0.00      0.00      0.00      0.00
08:00:01 AM         0      0.00      0.00      0.00      0.00      0.00      0.00
09:00:01 AM         0      0.00      0.00      0.00      0.00      0.00      0.00
10:00:01 AM         0      0.00      0.00      0.00      0.00      0.00      0.00
11:00:01 AM         0      0.00      0.00      0.00      0.00      0.00      0.00
12:00:01 PM         0      0.00      0.00      0.00      0.00      0.00      0.00
01:00:01 PM         0      0.00      0.00      0.00      0.00      0.00      0.00
02:00:01 PM         0      0.00      0.00      0.00      0.00      0.00      0.00
03:00:01 PM         0      0.00      0.00      0.00      0.00      0.00      0.00
04:00:01 PM         0      0.00      0.00      0.00      0.00      0.00      0.00
05:00:01 PM         0      0.00      0.00      0.00      0.00      0.00      0.00
06:00:01 PM         0      0.00      0.00      0.00      0.00      0.00      0.00
07:00:01 PM         0      0.00      0.00      0.00      0.00      0.00      0.00
08:00:01 PM         0      0.00      0.00      0.00      0.00      0.00      0.00
09:00:01 PM         0      0.00      0.00      0.00      0.00      0.00      0.00
10:00:01 PM         0      0.00      0.00      0.00      0.00      0.00      0.00
11:00:01 PM         0      0.00      0.00      0.00      0.00      0.00      0.00
Average:            0      0.00      0.00      0.00      0.00      0.00      0.00

12:00:01 AM       DEV       tps  rd_sec/s  wr_sec/s  avgrq-sz  avgqu-sz     await     svctm     %util
01:00:01 AM  dev202-0      0.17      0.00      2.72     16.23      0.00      0.05      0.05      0.00
02:00:01 AM  dev202-0      0.17      0.00      2.78     16.14      0.00      0.05      0.05      0.00
03:00:01 AM  dev202-0      0.31      0.00     28.80     91.90      0.00      7.86      0.14      0.00
04:00:01 AM  dev202-0      0.26      0.00      6.21     23.57      0.02     64.71     16.26      0.43
05:00:01 AM  dev202-0      0.19      0.00      2.84     15.19      0.00      0.03      0.03      0.00
06:00:01 AM  dev202-0      0.18      0.00      2.92     16.05      0.00      0.05      0.05      0.00
07:00:01 AM  dev202-0      0.18      0.00      2.87     15.53      0.00      0.04      0.04      0.00
08:00:01 AM  dev202-0      0.18      0.00      2.81     15.53      0.00      0.02      0.02      0.00
09:00:01 AM  dev202-0      0.18      0.00      2.80     15.43      0.00      0.05      0.05      0.00
10:00:01 AM  dev202-0      0.19      0.00      2.88     15.53      0.00      0.03      0.03      0.00
11:00:01 AM  dev202-0      0.18      0.00      2.79     15.46      0.00      0.04      0.04      0.00
12:00:01 PM  dev202-0      0.21      0.00      3.49     16.72      0.00      0.07      0.06      0.00
01:00:01 PM  dev202-0      0.19      0.00      3.05     15.74      0.00      0.09      0.08      0.00
02:00:01 PM  dev202-0      0.20      0.00      2.98     14.95      0.00      0.02      0.02      0.00
03:00:01 PM  dev202-0      0.18      0.00      2.83     15.42      0.00      0.04      0.04      0.00
04:00:01 PM  dev202-0      0.18      0.00      2.75     15.33      0.00      0.04      0.04      0.00
05:00:01 PM  dev202-0      0.18      0.00      2.81     15.68      0.00      0.04      0.04      0.00
06:00:01 PM  dev202-0      0.21      0.00      3.05     14.68      0.00      0.05      0.05      0.00
07:00:01 PM  dev202-0      0.18      0.00      2.74     15.63      0.00      0.05      0.05      0.00
08:00:01 PM  dev202-0      0.18      0.00      2.80     15.59      0.00      0.03      0.03      0.00
09:00:01 PM  dev202-0      0.19      0.00      2.88     15.06      0.00      0.04      0.04      0.00
10:00:01 PM  dev202-0      0.18      0.00      2.76     15.49      0.00      0.06      0.05      0.00
11:00:01 PM  dev202-0      0.19      0.00      2.85     15.07      0.00      0.05      0.05      0.00
Average:     dev202-0      0.19      0.00      4.15     21.38      0.00      4.41      1.01      0.02

12:00:01 AM     IFACE   rxpck/s   txpck/s    rxkB/s    txkB/s   rxcmp/s   txcmp/s  rxmcst/s
01:00:01 AM      eth0      0.56      0.74      0.11      0.16      0.00      0.00      0.00
01:00:01 AM        lo      0.00      0.00      0.00      0.00      0.00      0.00      0.00
02:00:01 AM      eth0      0.56      0.73      0.11      0.16      0.00      0.00      0.00
02:00:01 AM        lo      0.00      0.00      0.00      0.00      0.00      0.00      0.00
03:00:01 AM      eth0      1.93      1.08      2.12      0.19      0.00      0.00      0.00
03:00:01 AM        lo      0.00      0.00      0.00      0.00      0.00      0.00      0.00
04:00:01 AM      eth0      0.61      0.79      0.12      0.17      0.00      0.00      0.00
04:00:01 AM        lo      0.01      0.01      0.00      0.00      0.00      0.00      0.00
05:00:01 AM      eth0      0.56      0.74      0.11      0.16      0.00      0.00      0.00
05:00:01 AM        lo      0.00      0.00      0.00      0.00      0.00      0.00      0.00
06:00:01 AM      eth0      0.54      0.72      0.11      0.16      0.00      0.00      0.00
06:00:01 AM        lo      0.01      0.01      0.00      0.00      0.00      0.00      0.00
07:00:01 AM      eth0      0.56      0.74      0.11      0.16      0.00      0.00      0.00
07:00:01 AM        lo      0.00      0.00      0.00      0.00      0.00      0.00      0.00
08:00:01 AM      eth0      0.56      0.74      0.11      0.16      0.00      0.00      0.00
08:00:01 AM        lo      0.00      0.00      0.00      0.00      0.00      0.00      0.00
09:00:01 AM      eth0      0.56      0.74      0.11      0.16      0.00      0.00      0.00
09:00:01 AM        lo      0.00      0.00      0.00      0.00      0.00      0.00      0.00
10:00:01 AM      eth0      0.56      0.73      0.11      0.16      0.00      0.00      0.00
10:00:01 AM        lo      0.00      0.00      0.00      0.00      0.00      0.00      0.00
11:00:01 AM      eth0      0.56      0.74      0.11      0.16      0.00      0.00      0.00
11:00:01 AM        lo      0.00      0.00      0.00      0.00      0.00      0.00      0.00
12:00:01 PM      eth0      0.71      0.78      0.30      0.17      0.00      0.00      0.00
12:00:01 PM        lo      0.00      0.00      0.00      0.00      0.00      0.00      0.00
01:00:01 PM      eth0      0.64      0.97      0.13      0.46      0.00      0.00      0.00
01:00:01 PM        lo      0.00      0.00      0.00      0.00      0.00      0.00      0.00
02:00:01 PM      eth0      0.56      0.74      0.11      0.16      0.00      0.00      0.00
02:00:01 PM        lo      0.00      0.00      0.00      0.00      0.00      0.00      0.00
03:00:01 PM      eth0      0.56      0.74      0.11      0.16      0.00      0.00      0.00
03:00:01 PM        lo      0.00      0.00      0.00      0.00      0.00      0.00      0.00
04:00:01 PM      eth0      0.55      0.72      0.11      0.16      0.00      0.00      0.00
04:00:01 PM        lo      0.00      0.00      0.00      0.00      0.00      0.00      0.00
05:00:01 PM      eth0      0.56      0.74      0.11      0.16      0.00      0.00      0.00
05:00:01 PM        lo      0.00      0.00      0.00      0.00      0.00      0.00      0.00
06:00:01 PM      eth0      0.56      0.74      0.11      0.16      0.00      0.00      0.00
06:00:01 PM        lo      0.00      0.00      0.00      0.00      0.00      0.00      0.00
07:00:01 PM      eth0      0.56      0.74      0.11      0.16      0.00      0.00      0.00
07:00:01 PM        lo      0.00      0.00      0.00      0.00      0.00      0.00      0.00
08:00:01 PM      eth0      0.56      0.74      0.11      0.16      0.00      0.00      0.00
08:00:01 PM        lo      0.00      0.00      0.00      0.00      0.00      0.00      0.00
09:00:01 PM      eth0      0.57      0.74      0.11      0.16      0.00      0.00      0.00
09:00:01 PM        lo      0.00      0.00      0.00      0.00      0.00      0.00      0.00
10:00:01 PM      eth0      0.56      0.74      0.11      0.16      0.00      0.00      0.00
10:00:01 PM        lo      0.00      0.00      0.00      0.00      0.00      0.00      0.00
11:00:01 PM      eth0      0.56      0.74      0.11      0.16      0.00      0.00      0.00
11:00:01 PM        lo      0.00      0.00      0.00      0.00      0.00      0.00      0.00
Average:         eth0      0.63      0.76      0.21      0.18      0.00      0.00      0.00
Average:           lo      0.00      0.00      0.00      0.00      0.00      0.00      0.00

12:00:01 AM     IFACE   rxerr/s   txerr/s    coll/s  rxdrop/s  txdrop/s  txcarr/s  rxfram/s  rxfifo/s  txfifo/s
01:00:01 AM      eth0      0.00      0.00      0.00      0.00      0.00      0.00      0.00      0.00      0.00
01:00:01 AM        lo      0.00      0.00      0.00      0.00      0.00      0.00      0.00      0.00      0.00
02:00:01 AM      eth0      0.00      0.00      0.00      0.00      0.00      0.00      0.00      0.00      0.00
02:00:01 AM        lo      0.00      0.00      0.00      0.00      0.00      0.00      0.00      0.00      0.00
03:00:01 AM      eth0      0.00      0.00      0.00      0.00      0.00      0.00      0.00      0.00      0.00
03:00:01 AM        lo      0.00      0.00      0.00      0.00      0.00      0.00      0.00      0.00      0.00
04:00:01 AM      eth0      0.00      0.00      0.00      0.00      0.00      0.00      0.00      0.00      0.00
04:00:01 AM        lo      0.00      0.00      0.00      0.00      0.00      0.00      0.00      0.00      0.00
05:00:01 AM      eth0      0.00      0.00      0.00      0.00      0.00      0.00      0.00      0.00      0.00
05:00:01 AM        lo      0.00      0.00      0.00      0.00      0.00      0.00      0.00      0.00      0.00
06:00:01 AM      eth0      0.00      0.00      0.00      0.00      0.00      0.00      0.00      0.00      0.00
06:00:01 AM        lo      0.00      0.00      0.00      0.00      0.00      0.00      0.00      0.00      0.00
07:00:01 AM      eth0      0.00      0.00      0.00      0.00      0.00      0.00      0.00      0.00      0.00
07:00:01 AM        lo      0.00      0.00      0.00      0.00      0.00      0.00      0.00      0.00      0.00
08:00:01 AM      eth0      0.00      0.00      0.00      0.00      0.00      0.00      0.00      0.00      0.00
08:00:01 AM        lo      0.00      0.00      0.00      0.00      0.00      0.00      0.00      0.00      0.00
09:00:01 AM      eth0      0.00      0.00      0.00      0.00      0.00      0.00      0.00      0.00      0.00
09:00:01 AM        lo      0.00      0.00      0.00      0.00      0.00      0.00      0.00      0.00      0.00
10:00:01 AM      eth0      0.00      0.00      0.00      0.00      0.00      0.00      0.00      0.00      0.00
10:00:01 AM        lo      0.00      0.00      0.00      0.00      0.00      0.00      0.00      0.00      0.00
11:00:01 AM      eth0      0.00      0.00      0.00      0.00      0.00      0.00      0.00      0.00      0.00
11:00:01 AM        lo      0.00      0.00      0.00      0.00      0.00      0.00      0.00      0.00      0.00
12:00:01 PM      eth0      0.00      0.00      0.00      0.00      0.00      0.00      0.00      0.00      0.00
12:00:01 PM        lo      0.00      0.00      0.00      0.00      0.00      0.00      0.00      0.00      0.00
01:00:01 PM      eth0      0.00      0.00      0.00      0.00      0.00      0.00      0.00      0.00      0.00
01:00:01 PM        lo      0.00      0.00      0.00      0.00      0.00      0.00      0.00      0.00      0.00
02:00:01 PM      eth0      0.00      0.00      0.00      0.00      0.00      0.00      0.00      0.00      0.00
02:00:01 PM        lo      0.00      0.00      0.00      0.00      0.00      0.00      0.00      0.00      0.00
03:00:01 PM      eth0      0.00      0.00      0.00      0.00      0.00      0.00      0.00      0.00      0.00
03:00:01 PM        lo      0.00      0.00      0.00      0.00      0.00      0.00      0.00      0.00      0.00
04:00:01 PM      eth0      0.00      0.00      0.00      0.00      0.00      0.00      0.00      0.00      0.00
04:00:01 PM        lo      0.00      0.00      0.00      0.00      0.00      0.00      0.00      0.00      0.00
05:00:01 PM      eth0      0.00      0.00      0.00      0.00      0.00      0.00      0.00      0.00      0.00
05:00:01 PM        lo      0.00      0.00      0.00      0.00      0.00      0.00      0.00      0.00      0.00
06:00:01 PM      eth0      0.00      0.00      0.00      0.00      0.00      0.00      0.00      0.00      0.00
06:00:01 PM        lo      0.00      0.00      0.00      0.00      0.00      0.00      0.00      0.00      0.00
07:00:01 PM      eth0      0.00      0.00      0.00      0.00      0.00      0.00      0.00      0.00      0.00
07:00:01 PM        lo      0.00      0.00      0.00      0.00      0.00      0.00      0.00      0.00      0.00
08:00:01 PM      eth0      0.00      0.00      0.00      0.00      0.00      0.00      0.00      0.00      0.00
08:00:01 PM        lo      0.00      0.00      0.00      0.00      0.00      0.00      0.00      0.00      0.00
09:00:01 PM      eth0      0.00      0.00      0.00      0.00      0.00      0.00      0.00      0.00      0.00
09:00:01 PM        lo      0.00      0.00      0.00      0.00      0.00      0.00      0.00      0.00      0.00
10:00:01 PM      eth0      0.00      0.00      0.00      0.00      0.00      0.00      0.00      0.00      0.00
10:00:01 PM        lo      0.00      0.00      0.00      0.00      0.00      0.00      0.00      0.00      0.00
11:00:01 PM      eth0      0.00      0.00      0.00      0.00      0.00      0.00      0.00      0.00      0.00
11:00:01 PM        lo      0.00      0.00      0.00      0.00      0.00      0.00      0.00      0.00      0.00
Average:         eth0      0.00      0.00      0.00      0.00      0.00      0.00      0.00      0.00      0.00
Average:           lo      0.00      0.00      0.00      0.00      0.00      0.00      0.00      0.00      0.00

12:00:01 AM    call/s retrans/s    read/s   write/s  access/s  getatt/s
01:00:01 AM      0.00      0.00      0.00      0.00      0.00      0.00
02:00:01 AM      0.00      0.00      0.00      0.00      0.00      0.00
03:00:01 AM      0.00      0.00      0.00      0.00      0.00      0.00
04:00:01 AM      0.00      0.00      0.00      0.00      0.00      0.00
05:00:01 AM      0.00      0.00      0.00      0.00      0.00      0.00
06:00:01 AM      0.00      0.00      0.00      0.00      0.00      0.00
07:00:01 AM      0.00      0.00      0.00      0.00      0.00      0.00
08:00:01 AM      0.00      0.00      0.00      0.00      0.00      0.00
09:00:01 AM      0.00      0.00      0.00      0.00      0.00      0.00
10:00:01 AM      0.00      0.00      0.00      0.00      0.00      0.00
11:00:01 AM      0.00      0.00      0.00      0.00      0.00      0.00
12:00:01 PM      0.00      0.00      0.00      0.00      0.00      0.00
01:00:01 PM      0.00      0.00      0.00      0.00      0.00      0.00
02:00:01 PM      0.00      0.00      0.00      0.00      0.00      0.00
03:00:01 PM      0.00      0.00      0.00      0.00      0.00      0.00
04:00:01 PM      0.00      0.00      0.00      0.00      0.00      0.00
05:00:01 PM      0.00      0.00      0.00      0.00      0.00      0.00
06:00:01 PM      0.00      0.00      0.00      0.00      0.00      0.00
07:00:01 PM      0.00      0.00      0.00      0.00      0.00      0.00
08:00:01 PM      0.00      0.00      0.00      0.00      0.00      0.00
09:00:01 PM      0.00      0.00      0.00      0.00      0.00      0.00
10:00:01 PM      0.00      0.00      0.00      0.00      0.00      0.00
11:00:01 PM      0.00      0.00      0.00      0.00      0.00      0.00
Average:         0.00      0.00      0.00      0.00      0.00      0.00

12:00:01 AM   scall/s badcall/s  packet/s     udp/s     tcp/s     hit/s    miss/s   sread/s  swrite/s saccess/s sgetatt/s
01:00:01 AM      0.00      0.00      0.00      0.00      0.00      0.00      0.00      0.00      0.00      0.00      0.00
02:00:01 AM      0.00      0.00      0.00      0.00      0.00      0.00      0.00      0.00      0.00      0.00      0.00
03:00:01 AM      0.00      0.00      0.00      0.00      0.00      0.00      0.00      0.00      0.00      0.00      0.00
04:00:01 AM      0.00      0.00      0.00      0.00      0.00      0.00      0.00      0.00      0.00      0.00      0.00
05:00:01 AM      0.00      0.00      0.00      0.00      0.00      0.00      0.00      0.00      0.00      0.00      0.00
06:00:01 AM      0.00      0.00      0.00      0.00      0.00      0.00      0.00      0.00      0.00      0.00      0.00
07:00:01 AM      0.00      0.00      0.00      0.00      0.00      0.00      0.00      0.00      0.00      0.00      0.00
08:00:01 AM      0.00      0.00      0.00      0.00      0.00      0.00      0.00      0.00      0.00      0.00      0.00
09:00:01 AM      0.00      0.00      0.00      0.00      0.00      0.00      0.00      0.00      0.00      0.00      0.00
10:00:01 AM      0.00      0.00      0.00      0.00      0.00      0.00      0.00      0.00      0.00      0.00      0.00
11:00:01 AM      0.00      0.00      0.00      0.00      0.00      0.00      0.00      0.00      0.00      0.00      0.00
12:00:01 PM      0.00      0.00      0.00      0.00      0.00      0.00      0.00      0.00      0.00      0.00      0.00
01:00:01 PM      0.00      0.00      0.00      0.00      0.00      0.00      0.00      0.00      0.00      0.00      0.00
02:00:01 PM      0.00      0.00      0.00      0.00      0.00      0.00      0.00      0.00      0.00      0.00      0.00
03:00:01 PM      0.00      0.00      0.00      0.00      0.00      0.00      0.00      0.00      0.00      0.00      0.00
04:00:01 PM      0.00      0.00      0.00      0.00      0.00      0.00      0.00      0.00      0.00      0.00      0.00
05:00:01 PM      0.00      0.00      0.00      0.00      0.00      0.00      0.00      0.00      0.00      0.00      0.00
06:00:01 PM      0.00      0.00      0.00      0.00      0.00      0.00      0.00      0.00      0.00      0.00      0.00
07:00:01 PM      0.00      0.00      0.00      0.00      0.00      0.00      0.00      0.00      0.00      0.00      0.00
08:00:01 PM      0.00      0.00      0.00      0.00      0.00      0.00      0.00      0.00      0.00      0.00      0.00
09:00:01 PM      0.00      0.00      0.00      0.00      0.00      0.00      0.00      0.00      0.00      0.00      0.00
10:00:01 PM      0.00      0.00      0.00      0.00      0.00      0.00      0.00      0.00      0.00      0.00      0.00
11:00:01 PM      0.00      0.00      0.00      0.00      0.00      0.00      0.00      0.00      0.00      0.00      0.00
Average:         0.00      0.00      0.00      0.00      0.00      0.00      0.00      0.00      0.00      0.00      0.00

12:00:01 AM    totsck    tcpsck    udpsck    rawsck   ip-frag    tcp-tw
01:00:01 AM        73         3         4         0         0         0
02:00:01 AM        73         3         4         0         0         0
03:00:01 AM        73         3         4         0         0         0
04:00:01 AM        73         3         4         0         0         0
05:00:01 AM        73         3         4         0         0         0
06:00:01 AM        73         3         4         0         0         0
07:00:01 AM        73         3         4         0         0         0
08:00:01 AM        73         3         4         0         0         0
09:00:01 AM        73         3         4         0         0         0
10:00:01 AM        73         3         4         0         0         0
11:00:01 AM        73         3         4         0         0         0
12:00:01 PM        74         3         4         0         0         0
01:00:01 PM        73         3         4         0         0         0
02:00:01 PM        73         3         4         0         0         0
03:00:01 PM        73         3         4         0         0         0
04:00:01 PM        73         3         4         0         0         0
05:00:01 PM        73         3         4         0         0         0
06:00:01 PM        73         3         4         0         0         0
07:00:01 PM        73         3         4         0         0         0
08:00:01 PM        73         3         4         0         0         0
09:00:01 PM        73         3         4         0         0         0
10:00:01 PM        73         3         4         0         0         0
11:00:01 PM        73         3         4         0         0         0
Average:           73         3         4         0         0         0
